1.0000 1.0000 0 4.3617 221.7600
2.0000 1.0000 2.0000 4.3617 159.8400
3.0000 1.0000 7.0000 3.5315 210.6000
4.0000 1.0000 16.0000 2.9777 204.1200
5.0000 1.0000 29.0000 2.6435 172.4800
6.0000 1.0000 57.0000 2.1139 270.9400
7.0000 1.0000 91.0000 1.6990 222.0000
8.0000 2.0000 0 3.7924 241.9200
9.0000 2.0000 2.0000 3.3802 324.7200
10.0000 2.0000 7.0000 1.6990 286.3500
11.0000 2.0000 14.0000 1.6990 461.7600
12.0000 2.0000 29.0000 1.6990 297.3600
13.0000 2.0000 56.0000 1.6990 422.5000
14.0000 2.0000 85.0000 1.6990 315.3600
15.0000 2.0000 167.0000 1.6990 255.7800
16.0000 3.0000 0 4.7709 17.2800
17.0000 3.0000 7.0000 4.1139 56.4200
18.0000 3.0000 9.0000 3.8451 48.7200
19.0000 3.0000 14.0000 3.2304 58.3200
20.0000 3.0000 28.0000 2.7782 77.2200
21.0000 3.0000 56.0000 2.4314 90.0000
22.0000 3.0000 84.0000 3.2788 66.9900
23.0000 3.0000 166.0000 4.2041 60.0300
24.0000 4.0000 0 3.9294 155.0400
25.0000 4.0000 2.0000 3.9542 197.3700
26.0000 4.0000 7.0000 2.6128 216.3200
27.0000 4.0000 10.0000 2.6128 226.5600
28.0000 4.0000 14.0000 2.6232 224.6400
29.0000 4.0000 28.0000 2.2041 220.5000
30.0000 4.0000 56.0000 1.6990 184.8000
31.0000 4.0000 86.0000 2.7404 205.2000
32.0000 5.0000 0 5.4150 182.4000
33.0000 5.0000 8.0000 3.8921 361.6000
34.0000 5.0000 9.0000 3.4624 318.9200
35.0000 5.0000 14.0000 3.3802 363.6000
36.0000 5.0000 28.0000 1.6990 258.7200
37.0000 5.0000 56.0000 1.6990 340.2000
38.0000 5.0000 168.0000 1.6990 414.1200
39.0000 6.0000 0 4.5052 263.1600
40.0000 6.0000 2.0000 4.8129 230.8800
41.0000 6.0000 6.0000 3.7404 218.7900
42.0000 6.0000 9.0000 3.5185 259.2000
43.0000 6.0000 13.0000 3.3979 279.1800
44.0000 6.0000 27.0000 2.7324 323.9500
45.0000 6.0000 51.0000 2.9138 273.2400
46.0000 7.0000 0 5.1761 72.8000
47.0000 7.0000 7.0000 5.2553 186.4500
48.0000 7.0000 10.0000 4.9445 213.2000
49.0000 7.0000 14.0000 4.2788 212.0000
50.0000 7.0000 28.0000 4.0792 220.5000
51.0000 7.0000 56.0000 3.2553 222.0000
52.0000 7.0000 84.0000 2.8692 249.4800
53.0000 7.0000 168.0000 5.2304 196.0400
54.0000 8.0000 0 4.9395 66.1500
55.0000 8.0000 7.0000 3.8751 86.4000
56.0000 8.0000 10.0000 3.6335 92.4000
57.0000 8.0000 14.0000 3.4914 105.6000
58.0000 8.0000 25.0000 3.2304 130.6800
59.0000 8.0000 56.0000 3.3010 149.8500
60.0000 8.0000 84.0000 3.1139 176.3200
61.0000 8.0000 168.0000 2.6021 202.8000
62.0000 9.0000 0 4.8261 149.6000
63.0000 9.0000 7.0000 3.8129 236.2500
64.0000 9.0000 9.0000 3.9494 293.7600
65.0000 9.0000 14.0000 3.2553 369.9300
66.0000 9.0000 28.0000 2.9638 366.6000
67.0000 9.0000 56.0000 4.2304 439.1100
68.0000 9.0000 166.0000 3.9590 297.9900
69.0000 10.0000 0 5.3222 104.7200
70.0000 10.0000 7.0000 4.4314 248.6400
71.0000 10.0000 9.0000 4.3010 275.4000
72.0000 10.0000 14.0000 3.8808 357.5000
73.0000 10.0000 28.0000 3.5682 412.5000
74.0000 10.0000 56.0000 2.7993 321.6400
75.0000 10.0000 84.0000 2.6812 431.2000
76.0000 10.0000 168.0000 3.9823 453.6000
77.0000 11.0000 0 4.1461 128.7000
78.0000 11.0000 7.0000 3.5315 195.5200
79.0000 11.0000 9.0000 3.1139 202.4000
80.0000 11.0000 14.0000 2.5315 139.8600
81.0000 11.0000 28.0000 2.1761 181.4400
82.0000 11.0000 57.0000 2.3802 161.2800
83.0000 11.0000 84.0000 2.7324 184.8000
84.0000 11.0000 126.0000 2.2304 148.8000
85.0000 12.0000 0 5.7853 127.1000
86.0000 12.0000 2.0000 5.9345 117.0400
87.0000 12.0000 8.0000 4.6721 213.2800
88.0000 12.0000 10.0000 4.5185 234.9000
89.0000 12.0000 15.0000 4.1461 270.0000
90.0000 12.0000 28.0000 3.9494 239.8500
91.0000 12.0000 59.0000 3.3424 201.6000
92.0000 12.0000 85.0000 2.8573 230.0100
93.0000 12.0000 168.0000 2.0414 278.4600
94.0000 13.0000 0 5.5315 63.3600
95.0000 13.0000 2.0000 5.2304 81.6000
96.0000 13.0000 6.0000 4.3222 94.0100
97.0000 13.0000 9.0000 3.8388 84.2800
98.0000 13.0000 14.0000 3.2304 94.9000
99.0000 13.0000 28.0000 2.8633 139.1600
100.0000 13.0000 56.0000 1.6990 221.0000
101.0000 13.0000 84.0000 1.6990 277.2000
102.0000 13.0000 168.0000 1.6990 208.3200
103.0000 14.0000 2.0000 5.5052 230.4000
104.0000 14.0000 8.0000 4.8261 241.9200
105.0000 14.0000 10.0000 4.5682 324.7200
106.0000 14.0000 28.0000 4.0000 270.9400
107.0000 14.0000 56.0000 3.7076 342.7600
108.0000 14.0000 79.0000 3.0414 288.7500
109.0000 15.0000 0 5.2553 213.8400
110.0000 15.0000 7.0000 4.2553 342.0000
111.0000 15.0000 10.0000 3.6628 342.3800
112.0000 15.0000 84.0000 4.5441 178.5600
113.0000 16.0000 0 4.7559 83.1600
114.0000 16.0000 2.0000 4.5911 121.6000
115.0000 16.0000 6.0000 4.4150 99.9000
116.0000 16.0000 9.0000 3.8633 132.6000
117.0000 16.0000 13.0000 2.7924 119.1400
118.0000 16.0000 29.0000 2.4771 136.8000
119.0000 16.0000 56.0000 2.6721 281.2000
120.0000 16.0000 84.0000 2.1761 199.7500
121.0000 16.0000 168.0000 2.9494 205.9200
122.0000 16.0000 196.0000 3.6435 211.4100
123.0000 17.0000 0 4.9345 196.5600
124.0000 17.0000 2.0000 5.5185 187.9200
125.0000 17.0000 6.0000 4.0000 309.4000
126.0000 17.0000 9.0000 3.5441 267.9000
127.0000 17.0000 13.0000 2.5315 284.1600
128.0000 17.0000 29.0000 2.6628 358.4000
129.0000 17.0000 56.0000 2.4472 374.2200
130.0000 17.0000 84.0000 1.6990 296.4000
131.0000 17.0000 168.0000 4.3424 408.0000
132.0000 18.0000 0 4.3010 207.0600
133.0000 18.0000 2.0000 4.3979 216.9200
134.0000 18.0000 6.0000 3.7634 257.2500
135.0000 18.0000 9.0000 3.6628 350.0200
136.0000 18.0000 14.0000 2.9868 300.0000
137.0000 18.0000 29.0000 2.7160 369.8200
138.0000 18.0000 56.0000 2.6232 359.4800
139.0000 18.0000 84.0000 2.2304 309.1200
140.0000 18.0000 168.0000 2.3979 352.8000
141.0000 19.0000 0 4.0414 276.0000
142.0000 19.0000 2.0000 4.5441 251.9400
143.0000 19.0000 6.0000 3.3979 322.6900
144.0000 19.0000 10.0000 2.9031 367.9200
145.0000 19.0000 13.0000 2.9085 307.9800
146.0000 19.0000 28.0000 2.5563 292.3200
147.0000 19.0000 84.0000 1.6990 316.8000
148.0000 19.0000 168.0000 2.4624 304.5600
149.0000 20.0000 0 5.4472 39.7800
150.0000 20.0000 2.0000 5.9823 58.8000
151.0000 20.0000 9.0000 4.2041 224.7700
152.0000 20.0000 13.0000 3.7243 274.3600
153.0000 20.0000 28.0000 2.9823 450.1200
154.0000 20.0000 84.0000 3.4314 285.6000
155.0000 20.0000 182.0000 3.9345 370.8800
156.0000 21.0000 0 5.1139 93.0000
157.0000 21.0000 6.0000 4.4472 177.6000
158.0000 21.0000 9.0000 3.9243 141.5700
159.0000 21.0000 13.0000 3.3617 212.9400
160.0000 21.0000 29.0000 3.1139 245.7000
161.0000 21.0000 56.0000 2.8513 258.3000
162.0000 21.0000 84.0000 3.1139 335.7900
163.0000 21.0000 168.0000 3.2041 393.6000
164.0000 22.0000 0 5.4771 242.0000
165.0000 22.0000 2.0000 5.0000 278.6400
166.0000 22.0000 6.0000 4.7924 266.0000
167.0000 22.0000 9.0000 3.6812 314.1600
168.0000 22.0000 13.0000 3.5051 316.9100
169.0000 22.0000 28.0000 2.9956 283.8000
170.0000 22.0000 63.0000 2.4771 237.1600
171.0000 22.0000 84.0000 2.2041 410.4100
172.0000 22.0000 168.0000 2.7404 329.9400
173.0000 23.0000 0 4.9294 144.3000
174.0000 23.0000 2.0000 4.8751 167.2000
175.0000 23.0000 7.0000 3.7243 168.4800
176.0000 23.0000 10.0000 3.8573 157.4400
177.0000 23.0000 13.0000 3.7559 141.3600
178.0000 23.0000 28.0000 4.2788 195.8400
179.0000 23.0000 65.0000 4.8451 137.0200
180.0000 23.0000 98.0000 4.6232 151.2000
181.0000 24.0000 0 4.8388 387.0000
182.0000 24.0000 2.0000 4.6128 308.8800
183.0000 24.0000 7.0000 3.8388 303.8100
184.0000 24.0000 9.0000 4.0414 296.4000
185.0000 24.0000 14.0000 3.5185 307.0200
186.0000 24.0000 28.0000 3.1139 342.7200
187.0000 24.0000 56.0000 1.6990 406.5600
188.0000 24.0000 84.0000 1.6990 368.0000
189.0000 24.0000 175.0000 2.8261 379.5000
190.0000 25.0000 0 5.2041 108.7500
191.0000 25.0000 2.0000 5.1139 138.0000
192.0000 25.0000 5.0000 4.7559 242.7600
193.0000 25.0000 8.0000 4.0000 205.2000
194.0000 25.0000 12.0000 4.3802 298.4100
195.0000 25.0000 28.0000 3.1139 233.1000
196.0000 25.0000 84.0000 2.7782 294.5000
197.0000 26.0000 0 4.5563 216.9200
198.0000 26.0000 2.0000 4.8062 245.7600
199.0000 26.0000 7.0000 3.9868 296.0000
200.0000 26.0000 13.0000 3.6435 215.2500
201.0000 26.0000 59.0000 2.6812 411.4000
202.0000 26.0000 77.0000 2.3802 402.0400
203.0000 26.0000 154.0000 1.6990 358.3400
204.0000 27.0000 0 5.1139 257.4000
205.0000 27.0000 2.0000 5.4150 228.1500
206.0000 27.0000 9.0000 4.3979 252.0000
207.0000 27.0000 13.0000 3.9191 282.9400
208.0000 27.0000 28.0000 3.4624 324.3600
209.0000 27.0000 56.0000 2.5441 352.8000
210.0000 27.0000 77.0000 1.6990 419.7600
211.0000 27.0000 161.0000 1.6990 389.5000
212.0000 28.0000 4.0000 5.1461 95.0400
213.0000 28.0000 7.0000 5.0414 133.2000
214.0000 28.0000 11.0000 4.0792 128.7000
215.0000 28.0000 33.0000 4.4771 155.4000
216.0000 28.0000 55.0000 3.7076 207.2000
217.0000 28.0000 103.0000 5.1139 118.5600
218.0000 29.0000 0 4.4745 180.8100
219.0000 29.0000 2.0000 4.7709 200.6400
220.0000 29.0000 6.0000 3.9868 276.9000
221.0000 29.0000 10.0000 3.4314 218.7000
222.0000 29.0000 13.0000 3.2304 257.3000
223.0000 29.0000 28.0000 2.4914 258.5000
224.0000 29.0000 56.0000 2.3010 351.0000
225.0000 29.0000 84.0000 1.6990 343.2000
226.0000 29.0000 162.0000 1.6990 340.8600
227.0000 30.0000 0 4.8325 167.2800
228.0000 30.0000 2.0000 4.8129 212.3800
229.0000 30.0000 5.0000 4.4624 175.0100
230.0000 30.0000 8.0000 4.0000 198.9000
231.0000 30.0000 12.0000 3.5798 215.6000
232.0000 30.0000 28.0000 3.1461 250.9200
233.0000 30.0000 56.0000 2.4472 317.6800
234.0000 30.0000 84.0000 1.6990 265.6800
235.0000 31.0000 0 5.0414 371.9100
236.0000 31.0000 7.0000 3.9777 429.6600
237.0000 31.0000 9.0000 3.8388 363.6600
238.0000 31.0000 14.0000 3.4914 385.9200
239.0000 31.0000 28.0000 3.0792 452.4000
240.0000 31.0000 42.0000 2.7993 398.8400
241.0000 31.0000 77.0000 1.6990 462.0000
242.0000 32.0000 0 4.3010 238.0000
243.0000 32.0000 2.0000 4.2788 183.1500
244.0000 32.0000 7.0000 3.3424 249.9000
245.0000 32.0000 15.0000 3.3010 235.6000
246.0000 32.0000 28.0000 3.1461 331.1000
247.0000 32.0000 57.0000 1.6990 316.8000
248.0000 32.0000 85.0000 1.6990 275.8800
249.0000 33.0000 0 5.9085 71.4000
250.0000 33.0000 2.0000 6.2041 77.4000
251.0000 33.0000 7.0000 5.2304 170.6100
252.0000 33.0000 10.0000 4.8261 183.1500
253.0000 33.0000 16.0000 4.4624 164.5000
254.0000 33.0000 29.0000 3.7243 214.2000
255.0000 33.0000 59.0000 2.8388 210.2100
256.0000 33.0000 85.0000 3.0000 266.7600
257.0000 33.0000 169.0000 4.9494 196.3500
258.0000 34.0000 0 4.8388 282.2400
259.0000 34.0000 2.0000 4.6335 327.6000
260.0000 34.0000 6.0000 4.0792 323.4000
261.0000 34.0000 9.0000 3.6232 362.1000
262.0000 34.0000 13.0000 3.6435 241.2800
263.0000 34.0000 27.0000 2.8976 439.2800
264.0000 34.0000 57.0000 2.9138 488.4000
265.0000 34.0000 175.0000 1.6990 458.6400
266.0000 35.0000 0 5.3802 267.5200
267.0000 35.0000 2.0000 5.4314 264.6000
268.0000 35.0000 7.0000 4.0414 247.3800
269.0000 35.0000 9.0000 3.7324 229.7700
270.0000 35.0000 14.0000 3.0414 226.7800
271.0000 35.0000 28.0000 2.7324 315.0000
272.0000 35.0000 58.0000 2.2041 273.6000
273.0000 35.0000 84.0000 2.1761 249.7500
274.0000 36.0000 0 6.0792 170.6600
275.0000 36.0000 2.0000 6.0414 286.2000
276.0000 36.0000 7.0000 5.2304 342.0000
277.0000 36.0000 9.0000 4.9031 271.6600
278.0000 36.0000 14.0000 4.3010 280.5000
279.0000 36.0000 57.0000 3.6435 289.8000
280.0000 37.0000 2.0000 4.8976 199.6800
281.0000 37.0000 7.0000 4.1139 235.2000
282.0000 37.0000 10.0000 3.6435 269.1200
283.0000 37.0000 14.0000 2.9685 240.8000
284.0000 37.0000 29.0000 1.6990 243.6000
285.0000 37.0000 57.0000 1.6990 343.1400
286.0000 37.0000 86.0000 1.6990 378.0000
287.0000 37.0000 169.0000 1.6990 335.5800
288.0000 38.0000 0 5.5052 80.6400
289.0000 38.0000 2.0000 5.6532 187.2000
290.0000 38.0000 7.0000 4.7482 123.1200
291.0000 38.0000 12.0000 4.5682 231.0000
292.0000 38.0000 16.0000 3.8062 163.2000
293.0000 38.0000 29.0000 3.3010 271.3200
294.0000 38.0000 57.0000 3.6021 333.0000
295.0000 38.0000 84.0000 2.6532 309.3200
296.0000 38.0000 174.0000 1.6990 295.6800
297.0000 39.0000 0 4.0792 205.3500
298.0000 39.0000 2.0000 4.6721 190.4000
299.0000 39.0000 7.0000 3.2788 195.0400
300.0000 39.0000 9.0000 2.7243 133.2800
301.0000 39.0000 14.0000 2.4314 382.4700
302.0000 39.0000 28.0000 2.4472 359.1000
303.0000 39.0000 56.0000 1.6990 277.2000
304.0000 39.0000 84.0000 1.6990 395.2000
305.0000 39.0000 168.0000 1.6990 322.0800
306.0000 40.0000 0 5.7559 28.5000
307.0000 40.0000 2.0000 5.0414 54.6000
308.0000 40.0000 6.0000 4.2041 76.0000
309.0000 40.0000 8.0000 3.7243 105.8000
310.0000 40.0000 13.0000 3.4472 79.3000
311.0000 40.0000 27.0000 2.7160 178.8800
312.0000 40.0000 51.0000 2.0414 137.5000
313.0000 40.0000 77.0000 1.6990 193.2000
314.0000 40.0000 125.0000 5.0414 79.2000
315.0000 41.0000 0 5.1761 304.9200
316.0000 41.0000 2.0000 4.9956 207.5700
317.0000 41.0000 8.0000 3.5185 281.0100
318.0000 41.0000 10.0000 3.6435 247.8000
319.0000 41.0000 16.0000 3.1761 333.0600
320.0000 41.0000 37.0000 2.7160 394.2400
321.0000 41.0000 57.0000 2.9031 374.1000
322.0000 41.0000 83.0000 3.6128 211.6800
323.0000 42.0000 0 5.4314 208.0800
324.0000 42.0000 2.0000 5.4150 271.4400
325.0000 42.0000 7.0000 4.5441 233.2000
326.0000 42.0000 10.0000 3.9956 176.6400
327.0000 42.0000 14.0000 3.3424 288.1200
328.0000 42.0000 28.0000 3.0792 378.0000
329.0000 42.0000 57.0000 4.0414 325.0800
330.0000 42.0000 85.0000 1.6990 185.6400
331.0000 43.0000 0 4.9823 288.8000
332.0000 43.0000 2.0000 5.0414 336.0000
333.0000 43.0000 7.0000 3.8976 373.3200
334.0000 43.0000 10.0000 3.1461 296.0000
335.0000 43.0000 14.0000 3.1761 288.8000
336.0000 43.0000 29.0000 3.4624 310.8000
337.0000 43.0000 57.0000 2.2788 357.1200
338.0000 43.0000 85.0000 1.6990 349.6000
339.0000 43.0000 170.0000 1.6990 318.7800
340.0000 44.0000 0 4.8513 156.4000
341.0000 44.0000 2.0000 5.0000 167.9600
342.0000 44.0000 7.0000 4.5315 103.9500
343.0000 44.0000 10.0000 4.1461 244.8000
344.0000 44.0000 15.0000 3.5563 381.2500
345.0000 44.0000 28.0000 3.0414 297.6000
346.0000 44.0000 58.0000 2.8751 328.9000
347.0000 44.0000 86.0000 2.6532 330.7200
348.0000 44.0000 171.0000 2.6532 410.5500
349.0000 45.0000 0 5.2788 222.3000
350.0000 45.0000 2.0000 5.2553 237.4400
351.0000 45.0000 7.0000 5.0792 274.5600
352.0000 45.0000 12.0000 4.4771 320.0000
353.0000 45.0000 14.0000 4.2304 399.8400
354.0000 45.0000 27.0000 3.4914 383.0400
355.0000 45.0000 55.0000 3.1461 475.2000
356.0000 46.0000 0 4.7404 159.1200
357.0000 46.0000 2.0000 4.9874 166.5000
358.0000 46.0000 7.0000 3.8388 301.0000
359.0000 46.0000 14.0000 2.7924 268.8000
360.0000 46.0000 28.0000 2.6232 257.2800
361.0000 46.0000 52.0000 4.8325 220.8000

 